[Meta]
name = between.rural

[Model]
type = kriging.bireference
name = Sph
nugget = 1
range = 12000
sill = 10

[Extent]
extent_x = 764
extent_y = 344
centre_x = 38187.039
centre_y = 0
cell_size = 100
reference1_x = 0.0
reference2_x = 76374.0784104502

[Pre-process]
mirror = y

[Data]
p1 = 0.0,0.0,1.0
p2 = 76374.0784104502,0.0,1.0
p3 = 15851.0666453422,-14986.1826042874,2.0
p4 = 78684.8860354178,11485.7427548723,1.0
p5 = 8863.01948257597,16938.0756294977,1.0
p6 = 28036.7702410142,14819.1321066969,1.0
p7 = 34735.8094746628,-430.69327288105,6.0
p8 = 50749.8223017718,-7195.07647767683,8.0
p9 = 57218.2436462896,17070.7901408884,2.0
p10 = 34643.7746934935,-13298.6470032365,3.0
p11 = 56971.2127018234,-17152.3268426253,3.0
p12 = 23292.2562448204,7948.98892585898,5.0
p13 = 41867.8116481344,4530.41811760929,9.0
p14 = 61668.9135627872,3979.2580733398,9.0
p15 = 66742.7283039518,-1305.37901193373,8.0
p16 = 15836.1935463077,-7473.27138771442,4.0
p17 = 70056.1656393024,-12616.5945145251,3.0
